
(8, 5)
[[22, 25, 6, 35, 2, 43, 11, 22], [41, 43, 48, 20, 38, 4, 28, 43], [41, 12, 48, 8, 36, 9, 46, 3], [27, 13, 37, 29, 17, 27, 24, 35], [34, 25, 21, 24, 7, 45, 39, 21], [10, 31, 31, 24, 19, 16, 15, 24], [1, 6, 27, 13, 31, 18, 23, 33], [35, 26, 28, 10, 30, 3, 35, 7]]
208 



(8, 6)
[[19, 7, 37, 35, 26, 32, 27, 31], [45, 2, 20, 10, 50, 25, 2, 14], [17, 18, 41, 4, 43, 17, 50, 50], [39, 14, 10, 19, 6, 34, 33, 45], [26, 26, 14, 28, 10, 43, 14, 47], [26, 28, 43, 32, 44, 21, 8, 32], [7, 41, 0, 23, 17, 47, 36, 34], [27, 10, 3, 12, 47, 40, 8, 44]]
267

(8, 7)
[[7, 2, 35, 31, 47, 15, 7, 13], [32, 17, 25, 12, 46, 23, 34, 24], [7, 27, 22, 15, 38, 17, 7, 47], [16, 36, 45, 7, 37, 30, 36, 39], [21, 15, 15, 5, 13, 14, 34, 30], [33, 23, 32, 35, 9, 44, 33, 23], [41, 23, 2, 25, 39, 26, 19, 13], [33, 10, 25, 28, 30, 24, 47, 27]]
296

(9, 5)
[[48, 1, 15, 18, 4, 0, 17, 31, 38], [0, 50, 8, 22, 9, 15, 46, 41, 23], [15, 6, 34, 8, 14, 31, 43, 21, 12], [19, 12, 33, 41, 36, 37, 3, 50, 14], [1, 37, 24, 48, 34, 45, 2, 21, 15], [16, 17, 30, 44, 23, 39, 1, 44, 50], [19, 47, 13, 38, 44, 33, 22, 27, 8], [26, 49, 47, 40, 38, 22, 26, 39, 34], [37, 35, 44, 46, 6, 29, 31, 29, 50]]
245

(9, 6)
[[18, 4, 7, 18, 21, 16, 16, 29, 19], [43, 34, 40, 25, 28, 9, 48, 7, 33], [16, 40, 34, 0, 47, 0, 28, 3, 32], [14, 33, 3, 24, 5, 17, 1, 5, 6], [43, 50, 8, 29, 45, 49, 34, 26, 25], [45, 44, 44, 7, 31, 13, 35, 4, 14], [26, 20, 10, 47, 3, 25, 31, 10, 21], [27, 14, 12, 15, 10, 49, 16, 0, 8], [6, 40, 41, 35, 46, 15, 13, 34, 22]]
277

(9, 7)
[[45, 10, 11, 12, 37, 19, 40, 24, 7], [36, 39, 29, 11, 23, 3, 50, 19, 21], [30, 7, 30, 23, 46, 23, 41, 14, 19], [26, 14, 13, 22, 0, 8, 8, 41, 28], [6, 6, 41, 24, 28, 32, 16, 13, 47], [38, 32, 21, 48, 14, 0, 40, 26, 5], [15, 4, 48, 13, 38, 44, 47, 24, 8], [41, 45, 50, 45, 3, 44, 22, 33, 48], [0, 22, 7, 30, 22, 43, 29, 13, 50]]
330

(9, 8)
[[41, 30, 28, 6, 15, 48, 1, 21, 26], [15, 21, 23, 1, 27, 34, 19, 46, 37], [23, 2, 35, 23, 29, 0, 9, 24, 32], [9, 9, 44, 43, 29, 48, 12, 47, 19], [16, 27, 34, 45, 14, 33, 18, 47, 19], [24, 41, 11, 27, 41, 33, 10, 30, 43], [7, 27, 47, 30, 17, 24, 14, 3, 40], [40, 21, 6, 38, 46, 24, 21, 22, 30], [17, 23, 28, 23, 12, 26, 21, 19, 20]]
322

(10, 5)
[[24, 41, 30, 25, 41, 4, 22, 35, 40, 43], [22, 8, 7, 6, 27, 30, 50, 29, 38, 44], [45, 33, 17, 43, 42, 8, 16, 17, 24, 41], [10, 44, 8, 46, 6, 1, 1, 44, 6, 49], [39, 10, 2, 41, 17, 27, 15, 15, 17, 39], [31, 31, 42, 30, 42, 21, 27, 12, 1, 8], [31, 19, 26, 11, 35, 28, 16, 34, 37, 31], [0, 20, 33, 35, 12, 50, 5, 18, 29, 15], [22, 15, 21, 42, 48, 26, 37, 17, 10, 43], [24, 48, 5, 24, 35, 26, 5, 7, 25, 39]]
237

(10, 6)
[[0, 14, 17, 26, 30, 37, 36, 26, 31, 4], [6, 37, 2, 31, 8, 23, 38, 36, 36, 47], [46, 23, 5, 4, 2, 35, 38, 39, 40, 44], [48, 37, 29, 42, 26, 19, 27, 39, 39, 7], [8, 33, 12, 18, 3, 16, 35, 2, 18, 27], [29, 15, 50, 24, 33, 29, 42, 3, 11, 23], [24, 40, 14, 44, 30, 23, 3, 27, 41, 33], [31, 13, 41, 3, 19, 18, 38, 34, 21, 17], [44, 42, 19, 41, 24, 38, 35, 36, 13, 12], [29, 17, 43, 7, 12, 11, 2, 12, 19, 24]]
268

(10, 7)
[[19, 48, 38, 2, 30, 39, 34, 6, 14, 35], [8, 2, 15, 3, 19, 6, 16, 41, 32, 47], [39, 15, 10, 22, 26, 50, 45, 34, 50, 43], [35, 11, 23, 33, 9, 35, 47, 17, 0, 19], [47, 33, 39, 19, 9, 38, 3, 21, 27, 35], [23, 30, 8, 22, 22, 32, 35, 13, 1, 40], [6, 6, 7, 19, 21, 9, 29, 19, 40, 23], [34, 49, 36, 27, 37, 1, 17, 19, 19, 44], [34, 48, 44, 15, 14, 11, 2, 2, 40, 45], [15, 49, 0, 8, 33, 25, 3, 47, 32, 1]]
324

(10, 8)
[[31, 29, 7, 30, 14, 42, 34, 14, 48, 1], [9, 11, 40, 24, 23, 40, 9, 25, 34, 30], [26, 24, 22, 44, 26, 36, 0, 39, 9, 50], [8, 40, 24, 16, 10, 31, 34, 33, 25, 30], [2, 14, 42, 22, 2, 48, 47, 29, 38, 49], [49, 15, 13, 5, 44, 2, 31, 35, 48, 19], [3, 7, 6, 18, 3, 19, 37, 29, 0, 32], [9, 21, 27, 21, 43, 27, 50, 23, 37, 15], [45, 37, 6, 13, 3, 39, 37, 21, 6, 13], [35, 41, 15, 16, 31, 13, 12, 47, 17, 35]]
350

(10, 9)
[[18, 18, 44, 17, 13, 18, 6, 26, 34, 45], [23, 1, 50, 29, 47, 42, 18, 32, 49, 43], [13, 9, 26, 44, 26, 17, 38, 26, 30, 27], [9, 16, 2, 37, 4, 7, 20, 33, 24, 22], [41, 19, 24, 50, 50, 15, 0, 23, 25, 17], [44, 33, 21, 14, 49, 11, 39, 50, 22, 40], [38, 41, 23, 31, 2, 19, 5, 19, 6, 40], [20, 4, 23, 6, 27, 28, 16, 4, 43, 27], [36, 4, 28, 14, 1, 6, 45, 17, 20, 11], [25, 29, 9, 24, 38, 34, 45, 23, 42, 41]]
378 
 
(11, 5)
[[45, 27, 4, 10, 10, 28, 33, 44, 31, 33, 30], [7, 47, 25, 14, 41, 32, 41, 11, 14, 20, 23], [10, 33, 7, 39, 4, 7, 37, 4, 5, 30, 8], [19, 48, 24, 20, 6, 32, 7, 46, 5, 30, 35], [6, 48, 3, 21, 50, 32, 1, 31, 32, 28, 35], [1, 46, 49, 3, 50, 11, 45, 2, 24, 1, 34], [23, 24, 28, 33, 27, 47, 13, 21, 15, 5, 34], [16, 50, 9, 23, 16, 31, 20, 28, 0, 19, 39], [45, 42, 12, 30, 39, 1, 30, 47, 47, 14, 26], [29, 11, 0, 45, 49, 27, 29, 4, 49, 46, 10], [2, 31, 29, 21, 4, 5, 44, 42, 17, 43, 8]]
242  

(11, 6)
[[38, 2, 42, 12, 16, 24, 42, 15, 15, 31, 39], [31, 31, 17, 16, 15, 30, 36, 39, 43, 20, 19], [9, 8, 20, 16, 48, 39, 39, 25, 5, 45, 22], [19, 23, 39, 17, 25, 24, 38, 27, 48, 17, 24], [25, 45, 12, 38, 17, 7, 4, 15, 50, 42, 39], [37, 30, 7, 50, 7, 43, 37, 41, 18, 38, 6], [41, 45, 0, 39, 15, 11, 2, 20, 1, 33, 11], [48, 9, 48, 34, 47, 8, 27, 29, 41, 46, 41], [2, 26, 9, 34, 2, 7, 49, 50, 24, 19, 40], [46, 50, 3, 40, 30, 22, 15, 22, 44, 34, 45], [26, 37, 48, 32, 0, 43, 48, 11, 47, 16, 32]]
296  

(11, 7)
[[37, 49, 43, 12, 45, 10, 19, 1, 11, 5, 11], [36, 22, 46, 48, 50, 30, 34, 47, 19, 33, 42], [45, 11, 35, 0, 26, 16, 28, 23, 34, 25, 10], [37, 19, 11, 33, 49, 18, 11, 40, 49, 42, 21], [5, 31, 31, 20, 39, 20, 13, 43, 22, 9, 49], [39, 38, 36, 37, 3, 18, 2, 32, 3, 24, 38], [4, 36, 9, 7, 18, 38, 35, 1, 34, 36, 43], [5, 30, 8, 29, 30, 3, 20, 4, 15, 41, 23], [0, 27, 4, 3, 35, 25, 28, 47, 6, 30, 38], [13, 47, 37, 34, 23, 37, 40, 0, 28, 13, 32], [20, 16, 47, 41, 8, 11, 19, 34, 24, 37, 38]]
336  
(11, 8)
[[6, 42, 42, 39, 23, 29, 1, 20, 27, 46, 47], [30, 15, 33, 1, 24, 6, 44, 21, 4, 48, 30], [29, 16, 17, 23, 44, 4, 27, 50, 5, 41, 40], [6, 5, 14, 50, 42, 8, 9, 10, 3, 23, 6], [5, 3, 11, 10, 24, 32, 8, 16, 42, 38, 29], [3, 2, 44, 18, 41, 33, 33, 48, 14, 18, 50], [42, 8, 31, 2, 21, 34, 46, 48, 8, 39, 6], [23, 40, 20, 44, 5, 26, 19, 24, 4, 22, 10], [3, 38, 36, 46, 27, 15, 25, 11, 21, 20, 47], [28, 5, 33, 8, 7, 39, 22, 6, 46, 14, 8], [35, 21, 12, 6, 11, 2, 29, 42, 50, 38, 15]]
367  

(11, 9)
[[22, 1, 28, 39, 46, 5, 23, 29, 10, 48, 30], [44, 15, 49, 10, 16, 13, 17, 6, 48, 35, 34], [18, 48, 10, 28, 17, 12, 4, 1, 36, 28, 20], [13, 27, 40, 19, 49, 45, 32, 32, 21, 27, 13], [48, 28, 1, 1, 24, 25, 26, 12, 0, 32, 2], [41, 27, 18, 1, 50, 18, 42, 45, 41, 39, 14], [46, 5, 42, 6, 45, 27, 18, 18, 19, 31, 31], [23, 6, 9, 22, 38, 1, 20, 26, 9, 48, 2], [41, 28, 26, 11, 14, 2, 48, 40, 41, 38, 4], [22, 46, 34, 27, 30, 11, 35, 5, 7, 49, 3], [13, 36, 33, 28, 45, 6, 23, 25, 9, 11, 39]]
402  

(11, 10)
[[18, 45, 41, 16, 29, 15, 47, 13, 17, 40, 11], [42, 33, 13, 38, 23, 40, 32, 20, 7, 30, 47], [7, 11, 25, 6, 7, 18, 31, 8, 40, 9, 46], [24, 31, 48, 47, 13, 35, 37, 18, 25, 11, 8], [37, 5, 11, 25, 8, 26, 2, 0, 29, 31, 41], [11, 27, 43, 24, 31, 14, 45, 16, 4, 2, 42], [25, 22, 30, 31, 32, 24, 37, 33, 37, 5, 45], [15, 5, 35, 30, 3, 43, 32, 1, 21, 0, 35], [2, 23, 1, 35, 29, 50, 33, 44, 4, 13, 46], [36, 18, 3, 31, 25, 0, 49, 33, 5, 29, 35], [2, 43, 6, 2, 35, 31, 15, 39, 3, 16, 37]]
411  

(12, 5)
[[48, 16, 48, 23, 25, 42, 44, 5, 33, 7, 12, 45], [20, 2, 25, 15, 48, 36, 22, 9, 23, 27, 20, 41], [39, 25, 18, 49, 15, 38, 15, 15, 5, 10, 47, 16], [31, 28, 7, 11, 29, 1, 19, 19, 6, 7, 37, 6], [49, 14, 44, 32, 21, 14, 47, 31, 18, 35, 4, 26], [35, 17, 32, 17, 15, 27, 38, 29, 1, 17, 39, 3], [48, 23, 6, 11, 8, 17, 8, 5, 7, 4, 46, 29], [3, 47, 36, 11, 20, 39, 19, 10, 32, 50, 22, 49], [32, 46, 17, 45, 49, 3, 10, 48, 43, 48, 31, 22], [12, 22, 14, 36, 2, 36, 2, 23, 13, 33, 41, 45], [28, 50, 33, 10, 1, 17, 13, 37, 21, 42, 47, 45], [36, 50, 18, 36, 16, 41, 43, 37, 20, 28, 2, 3]]
246  

(12, 6)
[[6, 28, 11, 22, 12, 11, 27, 33, 11, 50, 48, 31], [39, 0, 15, 0, 12, 10, 32, 20, 33, 38, 4, 37], [31, 17, 44, 28, 48, 9, 20, 21, 28, 1, 22, 28], [23, 0, 23, 40, 49, 22, 31, 9, 43, 27, 12, 29], [2, 15, 28, 3, 5, 23, 48, 27, 36, 17, 35, 16], [8, 39, 10, 18, 4, 38, 26, 38, 2, 18, 23, 38], [36, 10, 5, 50, 12, 39, 27, 45, 44, 0, 36, 42], [1, 5, 24, 2, 1, 4, 24, 24, 46, 2, 7, 31], [5, 3, 21, 30, 50, 49, 26, 18, 35, 10, 2, 18], [6, 15, 35, 3, 1, 28, 8, 39, 32, 29, 25, 39], [1, 33, 43, 32, 16, 38, 24, 7, 48, 2, 11, 31], [30, 48, 23, 37, 26, 19, 38, 29, 25, 22, 4, 1]]
292  

(12, 7)
[[7, 48, 29, 28, 37, 5, 36, 23, 37, 50, 10, 25], [13, 0, 48, 16, 39, 14, 14, 30, 50, 40, 22, 9], [19, 27, 21, 37, 18, 21, 0, 15, 9, 13, 15, 25], [19, 46, 40, 35, 7, 33, 10, 40, 40, 7, 31, 38], [44, 9, 43, 28, 0, 19, 9, 42, 24, 14, 29, 49], [28, 1, 44, 49, 29, 36, 9, 49, 26, 32, 17, 13], [30, 22, 25, 31, 20, 29, 12, 36, 15, 29, 45, 37], [29, 5, 2, 34, 1, 33, 49, 20, 17, 3, 5, 15], [9, 11, 31, 13, 33, 11, 33, 39, 34, 24, 10, 46], [6, 24, 47, 33, 42, 0, 30, 36, 12, 19, 20, 2], [9, 24, 22, 41, 3, 10, 46, 46, 1, 7, 27, 13], [45, 35, 47, 44, 27, 24, 16, 47, 46, 37, 4, 34]]
337  

(12, 8)
[[44, 4, 9, 39, 7, 27, 49, 10, 6, 13, 28, 7], [24, 15, 30, 2, 27, 4, 47, 47, 49, 33, 5, 27], [11, 20, 4, 32, 0, 25, 10, 38, 20, 9, 20, 16], [20, 37, 34, 47, 49, 28, 30, 27, 46, 24, 35, 11], [0, 25, 6, 6, 30, 20, 10, 47, 23, 46, 36, 50], [46, 38, 14, 23, 49, 33, 14, 33, 47, 6, 16, 3], [33, 33, 32, 20, 40, 22, 15, 25, 22, 36, 45, 33], [40, 3, 49, 38, 1, 16, 1, 37, 4, 37, 10, 45], [15, 40, 33, 32, 12, 27, 9, 38, 16, 26, 19, 41], [28, 25, 38, 29, 20, 4, 24, 37, 13, 15, 42, 13], [40, 42, 32, 13, 34, 25, 21, 0, 9, 0, 49, 44], [28, 50, 40, 10, 13, 26, 7, 35, 3, 4, 22, 24]]
384  

(12, 9)
[[39, 3, 12, 29, 9, 16, 37, 32, 11, 9, 21, 48], [27, 35, 37, 22, 26, 37, 23, 34, 10, 49, 33, 1], [42, 4, 7, 4, 40, 50, 38, 26, 8, 11, 23, 50], [43, 26, 23, 40, 28, 24, 5, 39, 4, 38, 30, 4], [43, 26, 29, 45, 17, 44, 34, 21, 15, 38, 12, 11], [33, 22, 17, 34, 1, 4, 38, 41, 4, 37, 5, 35], [16, 50, 15, 32, 28, 35, 7, 34, 32, 37, 8, 17], [15, 36, 28, 21, 3, 42, 49, 6, 19, 49, 37, 15], [19, 18, 10, 12, 18, 47, 47, 45, 40, 27, 43, 6], [28, 32, 22, 10, 42, 4, 3, 17, 34, 2, 29, 28], [47, 4, 22, 32, 39, 25, 16, 25, 25, 4, 30, 22], [34, 1, 50, 32, 33, 46, 9, 31, 44, 40, 6, 20]]
0:00:06.740053
411  
(12, 10)
[[4, 25, 19, 39, 7, 49, 22, 15, 26, 13, 30, 18], [18, 6, 29, 28, 21, 25, 6, 24, 49, 5, 40, 10], [38, 26, 13, 35, 34, 21, 1, 28, 42, 15, 28, 30], [24, 45, 25, 22, 9, 18, 16, 9, 6, 50, 12, 45], [20, 47, 5, 4, 23, 47, 43, 30, 16, 27, 15, 12], [40, 32, 33, 49, 13, 47, 21, 39, 30, 14, 42, 40], [23, 38, 34, 50, 37, 3, 46, 39, 19, 37, 34, 31], [33, 25, 24, 16, 25, 4, 24, 40, 14, 34, 17, 11], [19, 39, 40, 15, 7, 16, 25, 34, 26, 15, 16, 42], [7, 21, 6, 45, 20, 50, 33, 33, 23, 41, 26, 37], [21, 22, 38, 31, 11, 38, 34, 37, 36, 48, 46, 47], [9, 49, 24, 43, 34, 43, 33, 37, 23, 42, 39, 28]]
439  


(12, 11)
[[16, 45, 36, 37, 32, 39, 20, 15, 22, 42, 40, 3], [32, 6, 22, 20, 23, 10, 43, 16, 34, 23, 33, 5], [27, 39, 24, 38, 0, 6, 1, 15, 27, 5, 15, 49], [43, 7, 18, 43, 45, 34, 4, 35, 25, 23, 49, 18], [21, 43, 34, 8, 42, 9, 31, 40, 18, 26, 3, 50], [31, 24, 46, 31, 44, 28, 5, 36, 28, 17, 16, 7], [13, 1, 35, 20, 14, 32, 14, 29, 40, 37, 44, 34], [42, 37, 12, 45, 12, 28, 12, 33, 36, 36, 44, 30], [48, 50, 26, 6, 1, 16, 14, 45, 15, 45, 36, 36], [46, 29, 7, 29, 2, 10, 50, 0, 40, 37, 41, 1], [48, 1, 5, 47, 27, 37, 13, 36, 21, 20, 43, 29], [9, 23, 33, 25, 6, 22, 27, 33, 41, 37, 33, 36]]
473  

(13, 5)
[[18, 32, 30, 9, 23, 17, 25, 48, 4, 49, 35, 47, 35], [48, 24, 47, 37, 32, 48, 0, 11, 34, 41, 24, 50, 32], [2, 0, 9, 43, 12, 5, 1, 23, 41, 37, 42, 17, 45], [36, 19, 50, 15, 49, 31, 10, 29, 4, 18, 46, 39, 7], [49, 46, 20, 12, 49, 37, 10, 19, 34, 10, 44, 36, 39], [31, 9, 23, 9, 24, 12, 4, 21, 29, 20, 30, 39, 50], [9, 49, 27, 0, 48, 49, 34, 19, 42, 24, 27, 35, 20], [20, 6, 27, 17, 20, 35, 26, 21, 13, 35, 29, 39, 48], [1, 25, 27, 34, 24, 22, 39, 0, 3, 36, 17, 34, 23], [4, 14, 7, 6, 2, 38, 6, 11, 37, 31, 28, 49, 30], [13, 22, 18, 7, 38, 28, 15, 49, 42, 47, 21, 11, 9], [5, 13, 0, 15, 1, 21, 41, 46, 44, 43, 14, 23, 41], [7, 25, 24, 0, 42, 29, 44, 20, 45, 17, 16, 37, 0]]
248  

(13, 6)
[[28, 24, 35, 39, 19, 17, 0, 34, 10, 45, 5, 1, 29], [13, 11, 23, 33, 45, 24, 23, 27, 30, 34, 17, 13, 46], [24, 34, 31, 38, 9, 2, 32, 20, 6, 34, 35, 21, 34], [31, 48, 29, 36, 24, 6, 16, 6, 8, 39, 40, 3, 28], [3, 47, 39, 48, 37, 21, 27, 26, 8, 20, 10, 41, 44], [42, 3, 43, 26, 34, 15, 12, 36, 30, 9, 10, 15, 19], [50, 3, 13, 38, 36, 42, 46, 39, 34, 42, 4, 33, 37], [32, 6, 27, 2, 19, 43, 24, 48, 15, 5, 28, 15, 43], [21, 46, 16, 34, 16, 39, 32, 39, 25, 16, 30, 1, 49], [20, 20, 12, 39, 45, 38, 43, 40, 42, 26, 7, 26, 1], [21, 32, 17, 4, 33, 17, 1, 46, 24, 36, 41, 15, 26], [46, 23, 16, 7, 22, 29, 47, 11, 37, 34, 5, 26, 15], [27, 16, 25, 17, 3, 26, 9, 37, 26, 9, 47, 16, 17]]
290  

(13, 7)
[[43, 10, 19, 34, 9, 5, 46, 29, 6, 16, 36, 17, 5], [47, 5, 7, 27, 15, 45, 5, 20, 10, 2, 34, 46, 10], [12, 37, 18, 34, 28, 10, 15, 13, 46, 6, 35, 19, 1], [33, 28, 38, 42, 16, 32, 12, 35, 24, 13, 0, 42, 9], [49, 19, 3, 40, 8, 11, 48, 29, 27, 22, 35, 45, 20], [11, 38, 45, 13, 48, 17, 24, 42, 38, 20, 34, 45, 3], [21, 38, 36, 47, 17, 4, 14, 7, 22, 49, 36, 38, 42], [32, 4, 5, 46, 28, 10, 16, 49, 20, 9, 8, 42, 35], [33, 50, 22, 30, 18, 40, 5, 32, 5, 25, 37, 21, 34], [48, 20, 3, 49, 14, 30, 40, 43, 32, 27, 7, 50, 3], [8, 17, 1, 17, 42, 25, 30, 47, 10, 13, 21, 16, 19], [13, 0, 2, 31, 33, 7, 0, 46, 40, 0, 23, 20, 39], [11, 42, 35, 11, 16, 50, 39, 29, 17, 20, 0, 30, 45]]
341  

(13, 8)
[[14, 7, 3, 32, 16, 32, 34, 13, 43, 27, 26, 26, 38], [46, 39, 50, 27, 39, 44, 33, 25, 4, 13, 47, 35, 10], [20, 9, 31, 33, 36, 4, 11, 4, 0, 42, 22, 46, 24], [32, 14, 20, 29, 4, 27, 37, 41, 4, 38, 35, 35, 22], [50, 30, 37, 45, 33, 2, 20, 37, 5, 2, 2, 28, 36], [46, 8, 4, 32, 44, 42, 16, 18, 48, 48, 9, 45, 29], [48, 7, 41, 40, 12, 15, 37, 46, 1, 32, 3, 26, 25], [4, 46, 17, 32, 39, 4, 47, 16, 40, 20, 5, 3, 47], [49, 45, 38, 8, 8, 5, 31, 7, 30, 46, 9, 34, 48], [33, 35, 47, 6, 49, 2, 4, 12, 45, 10, 31, 10, 36], [12, 31, 37, 26, 37, 22, 33, 9, 35, 48, 27, 16, 2], [49, 17, 5, 25, 39, 32, 27, 9, 6, 20, 22, 34, 26], [44, 31, 1, 24, 46, 8, 36, 41, 4, 36, 47, 13, 44]]


383  
(13, 9)
[[19, 6, 37, 38, 16, 41, 23, 13, 30, 5, 8, 49, 50], [39, 7, 14, 42, 30, 37, 26, 40, 25, 42, 44, 35, 8], [24, 2, 40, 48, 15, 39, 22, 13, 23, 25, 30, 38, 48], [29, 34, 8, 11, 49, 22, 45, 47, 14, 38, 14, 49, 37], [8, 5, 39, 50, 10, 21, 34, 16, 6, 39, 44, 31, 10], [7, 41, 1, 4, 43, 12, 23, 10, 43, 7, 47, 37, 1], [33, 19, 2, 33, 30, 3, 28, 32, 34, 22, 4, 34, 22], [49, 29, 42, 8, 11, 46, 31, 15, 23, 10, 24, 45, 46], [4, 50, 25, 33, 10, 15, 43, 48, 43, 14, 50, 19, 26], [19, 1, 36, 38, 45, 17, 44, 33, 38, 32, 23, 19, 33], [18, 22, 14, 40, 6, 0, 44, 27, 2, 13, 24, 33, 48], [44, 50, 9, 10, 28, 27, 0, 6, 31, 35, 33, 12, 26], [32, 30, 24, 33, 37, 48, 2, 2, 29, 11, 3, 21, 49]]


431  
(13, 10)
[[50, 30, 43, 28, 4, 45, 30, 16, 27, 50, 15, 6, 31], [29, 35, 7, 36, 12, 1, 14, 15, 20, 17, 1, 45, 47], [13, 7, 48, 13, 11, 48, 17, 12, 19, 28, 0, 43, 46], [16, 14, 29, 1, 38, 15, 20, 22, 37, 36, 40, 1, 19], [38, 20, 0, 21, 9, 22, 14, 3, 21, 13, 39, 15, 8], [48, 0, 29, 16, 32, 36, 50, 28, 19, 26, 49, 17, 32], [48, 50, 27, 11, 48, 16, 47, 22, 47, 26, 18, 25, 19], [16, 18, 9, 44, 0, 50, 8, 46, 2, 23, 46, 4, 14], [25, 45, 10, 44, 24, 47, 10, 45, 27, 26, 30, 3, 6], [49, 25, 44, 26, 49, 21, 37, 37, 11, 0, 34, 49, 44], [17, 43, 19, 3, 20, 39, 24, 21, 14, 6, 31, 32, 40], [15, 46, 5, 28, 41, 34, 17, 8, 6, 48, 23, 4, 48], [16, 7, 32, 48, 41, 10, 48, 26, 48, 29, 46, 48, 49]]

475  
(13, 11)
[[6, 49, 40, 18, 20, 36, 26, 33, 7, 37, 40, 33, 32], [36, 39, 46, 48, 32, 46, 23, 10, 27, 8, 43, 23, 33], [2, 19, 15, 31, 48, 10, 29, 18, 12, 17, 4, 35, 16], [16, 15, 35, 29, 38, 13, 24, 44, 33, 12, 46, 16, 30], [7, 24, 30, 47, 48, 46, 25, 35, 39, 34, 43, 5, 34], [27, 21, 3, 10, 19, 38, 43, 49, 2, 44, 34, 11, 48], [15, 7, 12, 41, 11, 11, 45, 19, 21, 22, 2, 50, 32], [15, 1, 33, 14, 36, 39, 22, 13, 21, 39, 17, 0, 25], [9, 23, 45, 49, 43, 1, 41, 41, 45, 34, 28, 15, 8], [32, 47, 4, 48, 25, 25, 35, 4, 10, 9, 16, 22, 49], [16, 17, 12, 46, 49, 47, 15, 36, 28, 11, 44, 26, 6], [43, 38, 21, 48, 18, 46, 38, 49, 7, 35, 46, 10, 11], [38, 20, 35, 2, 15, 21, 38, 5, 33, 31, 38, 6, 12]]
513  

(13, 12)
[[44, 41, 17, 2, 20, 34, 40, 8, 33, 22, 26, 17, 14], [16, 37, 6, 45, 32, 19, 23, 0, 23, 9, 39, 2, 46], [50, 29, 31, 5, 7, 12, 39, 34, 2, 29, 2, 2, 24], [12, 0, 46, 7, 11, 10, 7, 48, 10, 13, 11, 33, 41], [18, 28, 45, 28, 31, 22, 43, 0, 35, 22, 1, 15, 1], [36, 43, 28, 17, 10, 23, 16, 19, 25, 45, 12, 10, 18], [23, 30, 50, 8, 43, 1, 22, 32, 16, 50, 34, 0, 0], [19, 28, 19, 34, 25, 6, 26, 29, 36, 17, 15, 27, 34], [6, 12, 29, 2, 35, 21, 28, 36, 17, 2, 31, 37, 27], [17, 43, 36, 37, 24, 15, 13, 25, 44, 28, 7, 29, 48], [31, 6, 24, 16, 8, 13, 50, 1, 50, 9, 2, 36, 39], [16, 21, 36, 19, 49, 44, 4, 0, 36, 22, 15, 30, 5], [30, 10, 38, 24, 8, 32, 21, 0, 31, 21, 8, 10, 15]]
492  

(14, 5)
[[41, 36, 40, 17, 1, 44, 47, 23, 17, 0, 47, 33, 9, 13], [47, 18, 30, 26, 21, 19, 40, 24, 16, 22, 42, 15, 34, 12], [19, 0, 7, 16, 13, 9, 29, 16, 35, 28, 30, 29, 0, 4], [45, 42, 40, 39, 12, 40, 37, 6, 39, 30, 36, 14, 32, 32], [48, 14, 29, 31, 21, 29, 16, 43, 17, 36, 27, 7, 11, 35], [39, 21, 17, 0, 42, 15, 8, 2, 39, 30, 9, 36, 12, 22], [2, 13, 16, 43, 38, 46, 39, 40, 2, 47, 32, 44, 20, 14], [0, 1, 9, 21, 18, 31, 28, 50, 22, 8, 50, 11, 28, 0], [44, 21, 15, 47, 40, 21, 17, 14, 13, 39, 29, 7, 26, 44], [43, 2, 26, 48, 0, 6, 14, 15, 43, 5, 43, 12, 35, 5], [6, 26, 29, 50, 4, 39, 0, 21, 24, 10, 39, 19, 48, 14], [34, 44, 5, 44, 6, 26, 50, 17, 47, 7, 1, 25, 13, 43], [35, 25, 30, 44, 24, 20, 4, 41, 27, 19, 29, 9, 44, 6], [37, 17, 25, 3, 18, 36, 39, 36, 44, 47, 30, 16, 20, 11]]
245  

(14, 6)
[[33, 31, 6, 7, 41, 15, 19, 7, 5, 12, 42, 49, 26, 14], [16, 15, 45, 37, 38, 9, 13, 9, 0, 24, 26, 42, 22, 14], [39, 23, 6, 50, 8, 37, 42, 18, 50, 33, 45, 30, 42, 21], [16, 30, 5, 49, 13, 31, 26, 46, 11, 17, 18, 16, 17, 44], [10, 27, 47, 14, 4, 23, 31, 45, 27, 16, 42, 13, 36, 2], [48, 45, 35, 13, 49, 27, 50, 18, 20, 46, 10, 22, 49, 25], [41, 4, 43, 30, 23, 10, 24, 17, 31, 0, 29, 48, 31, 38], [14, 26, 7, 22, 19, 28, 35, 42, 32, 23, 33, 24, 2, 9], [33, 3, 46, 2, 39, 42, 28, 47, 43, 1, 21, 5, 35, 48], [18, 24, 37, 6, 16, 26, 49, 29, 44, 14, 47, 42, 41, 39], [8, 1, 21, 3, 15, 48, 47, 12, 23, 49, 13, 20, 41, 36], [9, 34, 9, 42, 25, 40, 48, 26, 3, 13, 12, 47, 16, 46], [49, 2, 43, 13, 13, 0, 49, 33, 11, 5, 28, 0, 13, 43], [50, 14, 20, 19, 22, 24, 37, 13, 15, 41, 19, 20, 42, 37]]
296  

(14, 7)
[[20, 8, 6, 28, 32, 40, 4, 47, 6, 12, 49, 45, 15, 38], [31, 11, 44, 35, 24, 27, 3, 24, 25, 14, 27, 37, 45, 27], [45, 44, 2, 30, 11, 45, 29, 38, 40, 16, 31, 48, 22, 25], [16, 14, 37, 45, 25, 3, 26, 17, 21, 15, 44, 18, 8, 20], [7, 24, 38, 46, 26, 38, 23, 40, 18, 8, 31, 40, 13, 8], [18, 29, 12, 1, 26, 9, 8, 22, 19, 39, 20, 39, 42, 17], [19, 40, 22, 32, 19, 13, 12, 27, 12, 29, 41, 41, 10, 39], [2, 16, 40, 1, 23, 16, 18, 26, 10, 44, 12, 17, 39, 12], [20, 26, 43, 12, 48, 23, 11, 5, 0, 30, 46, 38, 28, 40], [18, 39, 35, 18, 37, 6, 25, 34, 7, 5, 50, 15, 39, 41], [29, 38, 38, 40, 44, 27, 34, 41, 16, 41, 48, 37, 12, 36], [5, 2, 44, 39, 49, 14, 45, 2, 30, 48, 17, 35, 34, 17], [41, 11, 24, 12, 44, 15, 47, 26, 31, 40, 14, 31, 0, 46], [49, 2, 19, 11, 31, 39, 0, 28, 30, 23, 41, 33, 26, 47]]
335  

(14, 8)
[[27, 17, 45, 0, 1, 26, 6, 42, 17, 6, 31, 1, 6, 13], [35, 4, 10, 17, 4, 23, 2, 5, 30, 41, 10, 39, 43, 28], [7, 43, 34, 37, 41, 20, 15, 10, 34, 3, 18, 25, 28, 41], [42, 43, 12, 24, 32, 14, 11, 22, 14, 21, 0, 9, 1, 5], [33, 50, 21, 34, 11, 42, 16, 33, 21, 35, 20, 26, 43, 21], [42, 40, 13, 15, 43, 9, 47, 26, 49, 0, 4, 28, 19, 1], [10, 22, 17, 39, 36, 10, 2, 10, 39, 10, 21, 44, 4, 21], [32, 36, 27, 38, 26, 32, 25, 8, 26, 50, 12, 48, 37, 11], [2, 36, 34, 2, 15, 44, 31, 31, 4, 20, 39, 31, 8, 35], [34, 20, 21, 30, 38, 29, 5, 18, 32, 17, 39, 35, 32, 11], [23, 50, 13, 12, 43, 6, 8, 11, 42, 23, 19, 8, 24, 4], [37, 2, 23, 40, 35, 11, 32, 46, 4, 30, 15, 5, 14, 38], [42, 17, 44, 35, 4, 44, 9, 13, 22, 34, 0, 26, 41, 17], [26, 5, 0, 40, 18, 21, 15, 40, 16, 18, 46, 34, 40, 29]]

371  
(14, 9)
[[22, 25, 23, 25, 50, 34, 49, 24, 44, 12, 1, 17, 9, 32], [41, 11, 0, 19, 8, 25, 48, 9, 36, 35, 11, 22, 13, 40], [12, 17, 7, 4, 17, 5, 11, 39, 28, 17, 14, 34, 5, 3], [5, 18, 27, 12, 44, 1, 34, 3, 18, 9, 41, 10, 12, 28], [22, 33, 8, 49, 2, 46, 40, 43, 9, 6, 40, 42, 14, 20], [46, 3, 30, 22, 13, 50, 1, 42, 24, 34, 22, 16, 3, 14], [47, 8, 42, 28, 27, 11, 21, 18, 47, 18, 7, 17, 39, 10], [45, 47, 34, 42, 30, 37, 42, 19, 0, 24, 49, 49, 25, 41], [0, 1, 21, 44, 31, 32, 31, 26, 33, 41, 48, 29, 50, 49], [43, 48, 40, 32, 15, 49, 24, 41, 45, 18, 38, 31, 7, 36], [8, 26, 2, 17, 28, 14, 41, 43, 21, 38, 6, 26, 42, 16], [43, 26, 11, 28, 27, 46, 19, 43, 32, 0, 41, 13, 24, 18], [48, 6, 5, 17, 0, 3, 23, 49, 41, 35, 18, 37, 15, 24], [20, 22, 25, 1, 24, 30, 31, 4, 38, 42, 22, 0, 10, 9]]

429  
(14, 10)
[[27, 5, 47, 28, 41, 25, 28, 26, 15, 46, 25, 3, 31, 37], [17, 36, 48, 32, 18, 42, 37, 47, 19, 31, 36, 44, 13, 12], [17, 41, 35, 22, 42, 43, 50, 20, 20, 27, 42, 21, 22, 16], [46, 27, 16, 23, 10, 30, 50, 48, 48, 15, 16, 4, 43, 42], [49, 0, 29, 31, 48, 15, 41, 48, 28, 22, 5, 35, 49, 28], [22, 9, 46, 4, 33, 31, 49, 46, 11, 32, 3, 39, 25, 10], [3, 32, 26, 7, 0, 18, 2, 49, 7, 11, 23, 49, 28, 40], [49, 14, 4, 36, 11, 34, 45, 7, 30, 10, 15, 0, 19, 48], [2, 43, 39, 44, 47, 49, 44, 41, 4, 10, 38, 49, 49, 39], [42, 49, 14, 10, 32, 0, 33, 17, 35, 45, 19, 50, 18, 9], [12, 27, 21, 22, 14, 30, 25, 4, 34, 27, 26, 11, 35, 4], [42, 8, 5, 13, 12, 42, 17, 1, 2, 41, 31, 46, 35, 7], [31, 49, 6, 16, 8, 31, 41, 46, 12, 36, 33, 35, 18, 26], [21, 50, 0, 48, 18, 21, 22, 43, 17, 28, 22, 7, 23, 41]]

485  
(14, 11)
[[16, 42, 27, 6, 37, 5, 8, 0, 0, 2, 48, 12, 23, 13], [16, 2, 28, 14, 21, 1, 4, 37, 5, 15, 31, 21, 16, 42], [5, 28, 5, 40, 45, 13, 36, 41, 33, 48, 31, 22, 15, 9], [5, 1, 34, 44, 16, 39, 9, 21, 42, 4, 45, 2, 0, 22], [11, 50, 6, 37, 46, 34, 37, 24, 8, 26, 44, 35, 25, 2], [45, 17, 1, 25, 23, 45, 17, 23, 23, 26, 40, 49, 3, 2], [6, 39, 34, 41, 22, 19, 31, 45, 11, 20, 3, 41, 33, 3], [2, 50, 11, 27, 1, 29, 21, 19, 14, 0, 2, 30, 35, 40], [3, 39, 28, 5, 2, 9, 27, 37, 43, 20, 35, 1, 11, 23], [18, 18, 30, 39, 34, 19, 39, 21, 45, 1, 33, 36, 36, 1], [28, 7, 32, 19, 4, 39, 19, 15, 15, 20, 28, 12, 15, 5], [7, 50, 33, 42, 32, 2, 35, 24, 36, 49, 35, 11, 17, 13], [1, 48, 5, 37, 17, 3, 30, 2, 44, 25, 0, 8, 24, 47], [43, 46, 6, 28, 15, 2, 40, 45, 39, 35, 23, 26, 14, 23]]

493  
(14, 12)
[[9, 23, 0, 23, 37, 7, 19, 15, 6, 37, 0, 10, 34, 36], [31, 38, 9, 14, 32, 41, 35, 24, 11, 49, 12, 22, 22, 15], [17, 48, 34, 1, 47, 8, 21, 47, 32, 32, 18, 45, 38, 44], [24, 14, 36, 30, 11, 27, 38, 26, 23, 30, 40, 36, 15, 35], [14, 42, 45, 27, 12, 19, 21, 2, 47, 2, 2, 40, 22, 7], [46, 36, 29, 25, 18, 16, 21, 1, 25, 25, 25, 47, 17, 23], [6, 34, 2, 8, 34, 28, 46, 32, 48, 29, 37, 46, 26, 21], [23, 2, 23, 10, 24, 14, 22, 31, 9, 33, 37, 14, 20, 4], [47, 2, 29, 28, 45, 37, 33, 32, 35, 31, 14, 9, 19, 47], [2, 35, 45, 48, 50, 22, 7, 5, 6, 3, 5, 14, 40, 1], [36, 29, 41, 39, 45, 42, 23, 7, 3, 2, 31, 31, 29, 16], [17, 24, 12, 28, 45, 30, 3, 25, 46, 31, 8, 48, 42, 47], [23, 31, 1, 31, 34, 42, 22, 30, 8, 22, 25, 34, 20, 29], [32, 36, 24, 12, 29, 32, 6, 22, 22, 27, 25, 34, 34, 10]]

523  
(14, 13)
[[27, 17, 6, 19, 45, 15, 30, 50, 32, 49, 48, 48, 49, 7], [44, 7, 13, 40, 28, 37, 39, 21, 46, 15, 20, 44, 12, 17], [9, 37, 48, 11, 24, 32, 17, 4, 32, 45, 22, 19, 20, 27], [7, 40, 25, 4, 28, 19, 0, 30, 2, 25, 29, 23, 44, 45], [12, 48, 7, 40, 33, 17, 16, 1, 9, 18, 27, 29, 33, 25], [18, 49, 36, 27, 46, 2, 5, 30, 18, 28, 23, 36, 47, 41], [29, 38, 41, 0, 39, 41, 1, 2, 45, 17, 6, 4, 19, 19], [33, 2, 15, 28, 8, 4, 18, 11, 42, 17, 10, 48, 34, 33], [35, 28, 16, 35, 13, 13, 46, 7, 49, 24, 5, 43, 11, 30], [6, 47, 33, 40, 0, 19, 26, 32, 22, 7, 31, 46, 41, 27], [46, 12, 39, 42, 48, 46, 39, 37, 42, 2, 26, 19, 28, 39], [11, 23, 46, 25, 5, 29, 4, 23, 31, 32, 42, 5, 37, 22], [5, 28, 48, 8, 5, 20, 28, 5, 39, 29, 3, 20, 4, 15], [28, 12, 24, 29, 20, 32, 0, 10, 32, 8, 25, 4, 38, 30]]

565  
(15, 5)
[[47, 44, 15, 45, 48, 49, 39, 2, 4, 13, 10, 37, 2, 42, 3], [32, 13, 17, 13, 23, 16, 40, 6, 41, 8, 31, 15, 33, 39, 19], [10, 22, 29, 29, 49, 6, 16, 48, 32, 3, 6, 16, 22, 3, 1], [41, 24, 49, 40, 45, 35, 36, 45, 1, 33, 14, 28, 43, 23, 27], [37, 45, 9, 25, 36, 28, 23, 43, 19, 9, 14, 26, 9, 44, 40], [27, 36, 25, 21, 16, 17, 50, 6, 47, 49, 4, 10, 27, 29, 19], [29, 32, 29, 37, 49, 27, 31, 44, 8, 29, 28, 30, 36, 15, 0], [5, 24, 30, 38, 13, 19, 19, 28, 47, 42, 20, 32, 25, 15, 47], [1, 25, 11, 19, 7, 45, 41, 12, 10, 14, 2, 46, 0, 44, 30], [40, 44, 5, 46, 33, 10, 30, 47, 33, 17, 49, 41, 28, 41, 23], [50, 49, 16, 25, 8, 40, 8, 6, 49, 25, 22, 44, 23, 40, 48], [7, 30, 31, 36, 16, 43, 8, 2, 44, 0, 44, 32, 21, 16, 19], [24, 23, 5, 34, 49, 4, 5, 5, 2, 48, 3, 44, 27, 29, 3], [41, 13, 27, 33, 11, 3, 30, 49, 36, 10, 45, 27, 2, 44, 23], [32, 35, 27, 23, 43, 38, 12, 45, 0, 13, 13, 32, 27, 3, 13]]

247  
(15, 6)
[[14, 3, 21, 26, 47, 5, 18, 20, 49, 46, 19, 15, 7, 0, 49], [12, 32, 28, 10, 22, 41, 36, 7, 29, 21, 13, 6, 32, 28, 17], [21, 34, 31, 1, 8, 35, 3, 27, 20, 8, 27, 12, 45, 50, 15], [24, 42, 4, 40, 17, 45, 39, 24, 34, 49, 25, 18, 29, 36, 21], [39, 34, 28, 20, 43, 17, 13, 42, 35, 40, 5, 25, 0, 39, 9], [28, 24, 42, 16, 38, 5, 19, 42, 26, 26, 40, 31, 47, 18, 18], [20, 33, 37, 40, 9, 24, 15, 49, 2, 30, 43, 12, 44, 22, 50], [26, 29, 47, 47, 31, 26, 42, 5, 41, 7, 12, 33, 14, 36, 6], [5, 28, 28, 34, 34, 42, 0, 42, 45, 23, 5, 2, 25, 28, 13], [20, 34, 45, 19, 42, 1, 25, 49, 40, 34, 3, 33, 30, 9, 49], [37, 15, 18, 43, 11, 38, 0, 45, 21, 25, 20, 34, 38, 1, 32], [11, 25, 34, 10, 34, 40, 49, 39, 33, 24, 40, 32, 32, 11, 17], [40, 14, 29, 4, 20, 14, 37, 43, 49, 11, 40, 38, 45, 35, 15], [34, 24, 50, 28, 29, 34, 15, 23, 28, 45, 4, 26, 30, 24, 31], [47, 20, 30, 2, 46, 12, 42, 49, 2, 29, 40, 29, 32, 17, 18]]

295  
(15, 7)
[[45, 15, 47, 47, 40, 33, 4, 36, 23, 14, 35, 3, 49, 27, 26], [49, 33, 42, 28, 30, 39, 1, 32, 18, 26, 46, 40, 12, 0, 49], [16, 49, 24, 44, 14, 16, 18, 7, 46, 41, 34, 1, 25, 0, 48], [33, 15, 9, 7, 24, 33, 13, 11, 37, 49, 0, 17, 9, 10, 47], [27, 37, 32, 3, 22, 18, 16, 40, 46, 39, 19, 37, 8, 24, 49], [35, 34, 45, 19, 12, 8, 11, 50, 33, 0, 44, 5, 50, 6, 15], [50, 32, 27, 32, 34, 20, 34, 37, 46, 10, 2, 43, 11, 26, 11], [5, 18, 36, 38, 10, 8, 24, 13, 16, 14, 5, 39, 15, 26, 6], [1, 49, 30, 37, 48, 25, 6, 34, 38, 36, 45, 46, 12, 15, 33], [23, 36, 25, 30, 43, 24, 32, 33, 48, 47, 39, 30, 32, 35, 24], [39, 16, 49, 49, 29, 16, 11, 31, 3, 38, 37, 37, 11, 22, 11], [1, 46, 2, 37, 32, 25, 22, 35, 50, 6, 45, 22, 47, 12, 15], [41, 32, 50, 31, 41, 42, 26, 14, 2, 45, 33, 13, 38, 13, 40], [11, 50, 7, 31, 4, 3, 23, 20, 34, 5, 41, 39, 48, 48, 1], [2, 38, 29, 21, 40, 12, 29, 18, 27, 12, 18, 23, 42, 40, 42]]

347  
(15, 8)
[[38, 46, 50, 13, 36, 6, 21, 34, 10, 24, 47, 47, 39, 22, 9], [17, 4, 4, 0, 38, 46, 42, 20, 33, 15, 43, 0, 7, 7, 15], [46, 37, 34, 45, 8, 11, 27, 13, 17, 27, 20, 48, 0, 5, 2], [50, 4, 34, 47, 33, 47, 50, 3, 15, 4, 34, 34, 4, 10, 6], [6, 40, 21, 1, 25, 18, 13, 44, 18, 9, 30, 4, 35, 47, 7], [40, 6, 38, 46, 16, 29, 39, 15, 39, 22, 16, 8, 42, 37, 38], [48, 17, 27, 35, 25, 1, 28, 46, 6, 27, 27, 13, 29, 41, 40], [13, 37, 46, 18, 1, 7, 16, 31, 30, 9, 32, 1, 12, 4, 21], [26, 2, 4, 32, 31, 19, 39, 24, 50, 33, 40, 50, 29, 24, 37], [49, 19, 34, 7, 9, 19, 45, 7, 40, 18, 41, 36, 17, 8, 14], [29, 24, 26, 29, 22, 37, 48, 7, 42, 11, 43, 41, 33, 47, 11], [10, 45, 3, 30, 22, 13, 31, 21, 3, 42, 15, 26, 43, 16, 34], [4, 15, 20, 7, 41, 4, 24, 50, 49, 37, 39, 24, 9, 21, 41], [11, 2, 50, 44, 36, 20, 24, 2, 20, 17, 50, 50, 32, 33, 47], [41, 47, 31, 0, 1, 4, 45, 6, 21, 18, 35, 14, 28, 14, 12]]

393  
(15, 9)
[[22, 35, 17, 22, 16, 33, 11, 29, 25, 19, 27, 23, 13, 27, 33], [8, 34, 18, 12, 21, 41, 3, 21, 0, 0, 21, 23, 12, 29, 12], [0, 19, 20, 34, 38, 15, 24, 41, 49, 45, 5, 36, 42, 24, 39], [6, 22, 44, 46, 39, 2, 5, 46, 44, 9, 49, 38, 4, 9, 29], [36, 15, 39, 12, 2, 40, 12, 8, 4, 0, 32, 29, 43, 33, 20], [10, 46, 41, 38, 35, 22, 33, 44, 17, 47, 5, 26, 6, 4, 8], [4, 44, 22, 0, 19, 15, 35, 4, 19, 1, 11, 25, 19, 40, 26], [12, 22, 44, 50, 19, 17, 25, 35, 27, 12, 11, 16, 22, 20, 11], [37, 40, 48, 15, 0, 36, 23, 22, 26, 21, 13, 34, 34, 29, 3], [22, 10, 9, 42, 28, 41, 15, 12, 29, 38, 25, 43, 32, 19, 39], [41, 7, 26, 6, 7, 7, 36, 4, 5, 31, 5, 25, 13, 3, 3], [49, 34, 18, 15, 34, 19, 42, 32, 33, 50, 19, 16, 42, 23, 46], [43, 33, 40, 12, 11, 16, 32, 36, 7, 33, 1, 33, 2, 28, 18], [33, 12, 20, 16, 31, 42, 48, 2, 1, 9, 50, 47, 33, 42, 34], [48, 41, 42, 4, 48, 45, 46, 48, 10, 6, 36, 2, 35, 32, 15]]
421  

(15, 10)
[[20, 9, 15, 32, 8, 37, 23, 36, 13, 11, 43, 48, 44, 47, 40], [33, 4, 28, 2, 46, 15, 34, 27, 3, 27, 26, 29, 21, 19, 50], [12, 5, 4, 9, 26, 41, 36, 23, 18, 33, 12, 16, 33, 50, 3], [31, 8, 8, 22, 41, 27, 36, 22, 9, 1, 16, 3, 46, 22, 7], [26, 3, 48, 6, 11, 19, 7, 49, 47, 2, 28, 41, 18, 40, 23], [35, 46, 14, 25, 4, 30, 30, 21, 11, 3, 31, 46, 11, 38, 9], [10, 22, 29, 24, 42, 24, 47, 5, 45, 36, 43, 41, 49, 5, 20], [24, 23, 18, 1, 35, 22, 34, 16, 1, 29, 17, 1, 32, 26, 39], [29, 18, 39, 46, 8, 9, 26, 50, 1, 13, 28, 10, 45, 33, 7], [4, 21, 15, 20, 22, 40, 50, 50, 49, 36, 13, 23, 19, 30, 19], [46, 14, 40, 33, 13, 3, 9, 42, 35, 37, 25, 16, 27, 22, 36], [41, 41, 12, 14, 17, 12, 17, 38, 5, 46, 9, 20, 10, 42, 32], [6, 38, 8, 44, 49, 30, 3, 22, 29, 7, 20, 49, 9, 13, 0], [23, 2, 34, 49, 14, 25, 20, 33, 40, 15, 34, 4, 23, 28, 46], [6, 27, 17, 29, 23, 6, 39, 49, 42, 2, 40, 2, 20, 23, 37]]

478  
(15, 11)
[[41, 9, 24, 22, 39, 7, 4, 2, 25, 8, 39, 6, 50, 4, 27], [42, 4, 39, 34, 5, 19, 45, 14, 45, 7, 29, 20, 47, 43, 35], [35, 42, 14, 22, 43, 34, 33, 22, 7, 29, 32, 36, 35, 9, 48], [13, 33, 21, 40, 30, 27, 21, 0, 6, 45, 3, 25, 22, 43, 1], [47, 15, 6, 31, 36, 14, 45, 40, 10, 16, 50, 45, 24, 44, 13], [31, 21, 9, 48, 31, 19, 12, 21, 14, 4, 0, 41, 28, 34, 5], [20, 7, 26, 6, 22, 5, 28, 27, 45, 50, 47, 48, 9, 32, 25], [22, 8, 9, 16, 5, 48, 34, 9, 40, 4, 48, 32, 39, 39, 7], [41, 26, 44, 50, 23, 5, 6, 21, 35, 7, 20, 9, 8, 18, 44], [41, 26, 50, 7, 46, 44, 18, 13, 15, 13, 40, 16, 2, 46, 47], [13, 2, 6, 29, 48, 40, 13, 47, 27, 16, 43, 3, 6, 28, 40], [18, 18, 21, 36, 41, 10, 15, 1, 32, 31, 38, 50, 16, 32, 25], [25, 7, 41, 20, 48, 8, 42, 42, 26, 45, 38, 19, 49, 16, 5], [19, 39, 5, 18, 28, 14, 7, 26, 35, 42, 20, 9, 49, 4, 6], [44, 39, 5, 7, 48, 5, 3, 49, 18, 14, 41, 20, 7, 38, 22]]
527  

(15, 12)
[[27, 29, 34, 22, 47, 1, 27, 6, 34, 2, 47, 24, 21, 20, 30], [31, 31, 24, 17, 39, 16, 41, 39, 46, 3, 9, 41, 3, 43, 49], [21, 35, 16, 14, 17, 35, 25, 2, 6, 45, 22, 2, 13, 27, 26], [48, 9, 14, 8, 42, 2, 11, 7, 28, 37, 39, 43, 23, 18, 6], [1, 14, 29, 14, 36, 8, 49, 44, 37, 9, 3, 0, 31, 41, 50], [42, 39, 28, 14, 37, 7, 26, 24, 38, 30, 38, 14, 25, 7, 31], [41, 36, 10, 8, 39, 37, 32, 13, 45, 46, 27, 11, 46, 15, 29], [44, 4, 17, 22, 49, 44, 35, 45, 35, 33, 0, 25, 13, 48, 29], [26, 46, 29, 9, 16, 2, 34, 10, 12, 43, 3, 15, 29, 7, 25], [41, 19, 38, 4, 10, 19, 15, 30, 3, 50, 44, 11, 26, 49, 0], [31, 21, 46, 17, 33, 4, 27, 31, 5, 40, 18, 6, 35, 50, 14], [4, 43, 44, 1, 48, 42, 7, 3, 10, 10, 37, 31, 26, 1, 48], [37, 24, 43, 15, 12, 28, 38, 20, 30, 12, 31, 22, 5, 8, 46], [7, 32, 49, 48, 37, 46, 35, 13, 18, 31, 4, 11, 44, 45, 3], [11, 49, 21, 12, 23, 13, 49, 14, 48, 32, 3, 40, 29, 43, 6]]
565  

(15, 13)
[[8, 8, 30, 0, 33, 32, 39, 45, 33, 33, 16, 0, 30, 10, 49], [34, 29, 35, 29, 5, 30, 29, 28, 15, 1, 10, 35, 31, 12, 25], [37, 20, 38, 45, 36, 13, 35, 10, 23, 2, 29, 23, 30, 46, 16], [38, 32, 31, 49, 48, 37, 35, 23, 39, 27, 5, 5, 6, 3, 31], [46, 23, 18, 34, 23, 38, 31, 6, 25, 25, 40, 26, 38, 21, 23], [2, 7, 30, 20, 8, 2, 28, 8, 44, 29, 12, 12, 44, 45, 20], [17, 25, 27, 20, 41, 22, 36, 23, 35, 42, 23, 9, 37, 19, 42], [9, 26, 39, 44, 10, 18, 46, 0, 41, 40, 28, 20, 35, 36, 21], [16, 43, 41, 24, 17, 13, 43, 21, 13, 26, 2, 3, 45, 38, 39], [17, 1, 9, 17, 42, 18, 2, 50, 47, 43, 6, 7, 43, 10, 25], [1, 46, 26, 25, 26, 14, 46, 21, 46, 39, 16, 40, 41, 37, 21], [9, 6, 40, 13, 25, 31, 27, 44, 25, 37, 26, 20, 22, 32, 2], [35, 37, 45, 33, 39, 5, 23, 38, 40, 39, 24, 6, 4, 30, 27], [17, 22, 40, 5, 2, 39, 26, 21, 46, 18, 50, 46, 48, 20, 42], [12, 35, 0, 44, 30, 13, 31, 17, 34, 39, 23, 33, 19, 46, 39]]
574

(15, 14)
[[11, 46, 0, 4, 27, 10, 50, 44, 12, 46, 44, 2, 12, 11, 26], [33, 12, 3, 46, 33, 12, 34, 28, 2, 4, 27, 20, 26, 7, 44], [36, 18, 5, 22, 12, 27, 4, 3, 7, 24, 28, 31, 34, 44, 34], [50, 46, 5, 25, 18, 31, 46, 27, 5, 31, 4, 39, 24, 20, 28], [46, 20, 20, 24, 46, 50, 14, 37, 36, 11, 45, 14, 35, 35, 40], [8, 38, 34, 42, 4, 23, 4, 8, 45, 34, 50, 35, 14, 18, 43], [32, 7, 49, 35, 28, 48, 16, 34, 34, 8, 38, 39, 41, 20, 42], [39, 42, 3, 17, 25, 17, 11, 23, 5, 49, 35, 40, 22, 10, 8], [28, 33, 34, 16, 1, 8, 15, 9, 25, 22, 19, 48, 29, 13, 10], [41, 19, 47, 0, 7, 0, 41, 27, 30, 31, 7, 10, 2, 1, 9], [18, 24, 21, 16, 36, 23, 22, 0, 5, 9, 50, 5, 25, 39, 15], [19, 46, 47, 12, 2, 9, 46, 36, 17, 18, 6, 22, 41, 50, 21], [16, 36, 31, 11, 23, 50, 38, 15, 20, 2, 21, 17, 2, 41, 44], [36, 22, 2, 46, 43, 15, 36, 49, 15, 8, 33, 10, 3, 32, 38], [16, 6, 35, 21, 9, 3, 20, 23, 8, 19, 4, 27, 12, 4, 35]]
593

(15, 15)
[[11, 46, 0, 4, 27, 10, 50, 44, 12, 46, 44, 2, 12, 11, 26], [33, 12, 3, 46, 33, 12, 34, 28, 2, 4, 27, 20, 26, 7, 44], [36, 18, 5, 22, 12, 27, 4, 3, 7, 24, 28, 31, 34, 44, 34], [50, 46, 5, 25, 18, 31, 46, 27, 5, 31, 4, 39, 24, 20, 28], [46, 20, 20, 24, 46, 50, 14, 37, 36, 11, 45, 14, 35, 35, 40], [8, 38, 34, 42, 4, 23, 4, 8, 45, 34, 50, 35, 14, 18, 43], [32, 7, 49, 35, 28, 48, 16, 34, 34, 8, 38, 39, 41, 20, 42], [39, 42, 3, 17, 25, 17, 11, 23, 5, 49, 35, 40, 22, 10, 8], [28, 33, 34, 16, 1, 8, 15, 9, 25, 22, 19, 48, 29, 13, 10], [41, 19, 47, 0, 7, 0, 41, 27, 30, 31, 7, 10, 2, 1, 9], [18, 24, 21, 16, 36, 23, 22, 0, 5, 9, 50, 5, 25, 39, 15], [19, 46, 47, 12, 2, 9, 46, 36, 17, 18, 6, 22, 41, 50, 21], [16, 36, 31, 11, 23, 50, 38, 15, 20, 2, 21, 17, 2, 41, 44], [36, 22, 2, 46, 43, 15, 36, 49, 15, 8, 33, 10, 3, 32, 38], [16, 6, 35, 21, 9, 3, 20, 23, 8, 19, 4, 27, 12, 4, 35]]
600

